<?xml version="1.0" encoding="utf-8"?>
<opencv_storage>
   <camera-matrix type_id="opencv-matrix">
      <rows>3</rows>
      <cols>3</cols>
      <dt>d</dt>
      <data>1764.0906146917000115 0.0000000000000000 644.9007547883753659 
0.0000000000000000 1764.2730913327272901 499.5386779336680547 
0.0000000000000000 0.0000000000000000 1.0000000000000000 
</data>
   </camera-matrix>
   <distortion type_id="opencv-matrix">
      <rows>5</rows>
      <cols>1</cols>
      <dt>d</dt>
      <data>-0.1105688363057670 0.0788367597121587 -0.0006168322635500 0.0004632768611468 0.5536762793309852 </data>
   </distortion>
</opencv_storage>