<?xml version="1.0" encoding="utf-8"?>
<opencv_storage>
   <camera-matrix type_id="opencv-matrix">
      <rows>3</rows>
      <cols>3</cols>
      <dt>d</dt>
      <data>1788.3223033920351099 0.0000000000000000 637.3953985337138874 
0.0000000000000000 1789.0394579443609473 482.6237229880190398 
0.0000000000000000 0.0000000000000000 1.0000000000000000 
</data>
   </camera-matrix>
   <distortion type_id="opencv-matrix">
      <rows>5</rows>
      <cols>1</cols>
      <dt>d</dt>
      <data>-0.0929052802643729 0.1261792527145306 0.0000501749730391 -0.0015712641034953 0.0422697965302572 </data>
   </distortion>
</opencv_storage>