<?xml version="1.0" encoding="utf-8"?>
<opencv_storage>
   <camera-matrix type_id="opencv-matrix">
      <rows>3</rows>
      <cols>3</cols>
      <dt>d</dt>
      <data>1755.8568155966806899 0.0000000000000000 649.2466252010661947 
0.0000000000000000 1756.0870281269756106 487.2552385352113333 
0.0000000000000000 0.0000000000000000 1.0000000000000000 
</data>
   </camera-matrix>
   <distortion type_id="opencv-matrix">
      <rows>5</rows>
      <cols>1</cols>
      <dt>d</dt>
      <data>-0.1209220477196259 0.1943304042994491 -0.0009759707918428 0.0011370503388505 0.1774274838067879 </data>
   </distortion>
</opencv_storage>